5 0 0 0 0 3 0 0 0 0 15 2 0 12 16 13
15 0 0 9 14 8 5 7 12 0 0 0 4 10 0 0
16 0 13 0 9 6 0 2 0 0 0 0 0 14 0 8
0 4 3 0 0 0 16 0 0 0 0 7 2 9 15 6
2 13 0 15 0 0 0 0 0 12 1 0 8 11 4 10
0 0 0 16 15 0 2 0 0 0 4 8 0 5 7 14
4 0 10 11 16 0 1 0 5 0 7 6 13 15 0 9
0 6 0 5 0 10 0 8 15 9 2 0 0 16 0 0
0 0 7 6 0 0 14 0 0 2 0 0 11 3 10 1
12 16 2 0 0 7 0 0 0 1 10 0 0 0 14 4
0 0 4 8 3 1 10 11 6 0 0 15 0 13 0 0
0 0 1 0 13 0 12 16 8 4 0 5 0 6 0 0
8 14 11 4 1 0 0 0 7 5 0 9 0 0 0 0
0 12 0 2 7 0 0 0 0 16 0 0 0 0 0 0
0 9 5 7 0 0 8 14 2 15 0 12 10 1 0 0
0 10 0 0 2 0 13 12 0 0 0 0 0 7 0 5
