13 0 0 11 7 0 0 16 8 6 14 2 12 10 0 4
10 0 0 0 6 0 2 14 15 0 16 0 11 13 0 0
6 0 0 0 0 11 0 0 0 0 5 0 0 0 0 0
7 0 0 0 0 12 4 0 11 13 0 0 0 6 0 2
9 0 1 0 16 7 0 4 0 0 3 0 0 5 2 0
0 0 4 7 5 0 0 0 0 9 1 11 0 0 3 8
0 8 3 6 0 13 11 1 0 5 0 12 0 0 0 15
5 0 2 10 0 6 0 3 0 16 4 15 13 0 1 11
0 7 12 16 0 5 0 8 0 0 15 0 0 0 11 0
0 10 0 0 0 14 0 11 0 0 0 0 9 0 15 0
3 0 11 14 1 9 0 15 5 2 0 10 16 4 0 0
1 13 0 0 0 0 0 0 0 3 11 0 0 2 8 0
8 5 0 2 0 3 14 0 0 0 10 16 1 0 0 9
11 14 0 3 0 0 0 0 2 8 0 5 0 12 10 16
0 16 10 0 8 2 0 0 1 0 0 9 3 0 0 0
0 0 0 0 12 4 16 10 3 11 13 14 0 8 0 0
