0 7 3 0 0 8 2 16 6 0 0 0 24 21 18 0 0 22 10 0 13 5 0 0 0
9 4 0 13 11 3 0 17 12 0 16 0 0 0 0 20 24 18 21 0 0 0 0 22 0
10 22 19 0 14 0 11 13 9 0 17 3 25 12 0 8 2 0 0 0 1 20 0 18 0
6 0 8 0 0 20 0 1 21 0 0 0 0 10 0 5 11 4 0 0 17 0 12 0 0
21 18 0 0 0 19 14 0 0 22 0 5 0 9 0 0 25 0 0 17 16 0 6 0 2
2 13 0 5 4 12 0 0 0 17 0 6 0 0 0 0 0 0 0 20 0 10 0 23 0
0 17 12 3 0 6 15 8 0 0 20 0 0 0 1 10 0 0 25 0 5 9 0 0 0
25 23 0 19 0 9 4 0 0 0 0 0 0 24 17 6 0 16 14 0 0 21 0 0 0
0 16 6 8 15 21 0 20 0 0 19 0 22 25 23 0 0 0 2 0 3 0 0 0 7
11 0 21 20 18 0 0 19 25 23 5 9 4 2 13 12 0 17 24 0 0 0 14 16 0
22 0 0 6 0 11 0 0 4 0 10 25 23 7 0 0 13 5 0 9 0 24 0 0 17
0 0 2 9 13 0 17 12 18 3 0 14 0 22 0 11 1 20 0 0 0 0 7 0 0
7 19 25 0 23 0 13 9 0 5 12 24 0 0 0 14 16 8 22 6 0 11 0 0 0
0 0 11 0 0 0 23 10 7 0 9 2 13 0 0 24 17 0 18 12 0 14 0 0 16
0 0 0 12 17 0 16 6 22 8 0 0 1 4 0 0 0 0 7 10 9 2 0 5 13
0 25 17 7 10 0 9 0 0 0 0 1 0 0 24 0 6 0 0 0 0 13 0 0 21
0 14 23 22 6 0 0 0 0 11 0 17 0 0 25 16 0 0 8 0 0 1 20 0 12
20 24 0 0 0 0 6 22 0 0 0 0 0 5 11 17 10 25 3 0 15 16 0 0 0
8 0 0 15 9 0 0 0 0 0 22 23 0 19 0 0 0 11 5 4 0 0 0 0 0
5 11 13 4 21 17 0 0 0 25 0 0 0 0 0 0 0 0 20 18 22 0 19 14 6
1 0 0 24 3 22 0 14 0 6 0 0 0 13 21 0 19 10 0 0 0 15 0 0 0
23 0 0 14 0 0 20 0 0 0 25 0 0 0 10 0 0 0 16 0 0 18 0 12 0
0 0 15 0 0 0 0 0 0 0 14 22 8 23 6 4 20 21 0 11 25 7 0 0 19
13 0 0 11 0 0 19 0 17 0 0 0 0 0 0 18 3 0 0 24 14 22 23 6 8
17 10 0 0 19 15 5 2 16 9 0 18 3 0 12 22 8 0 0 0 11 4 13 0 0
