0 0 0 0 13 21 0 0 0 5 15 14 0 0 4 7 0 22 2 10 9 17 25 0 1
10 3 0 0 0 0 23 13 8 0 21 12 0 18 5 0 17 20 25 0 0 16 0 0 0
0 0 25 9 20 0 10 22 3 2 0 0 0 13 0 0 16 24 4 0 21 0 5 0 0
0 0 4 0 24 9 1 20 17 0 7 0 3 0 0 21 6 18 5 0 0 8 0 13 0
12 0 0 21 0 15 14 24 0 0 0 1 0 0 25 19 0 13 0 0 7 3 0 0 0
18 21 0 0 0 5 0 0 15 14 0 20 0 0 0 0 19 8 23 13 0 7 0 3 0
0 15 14 0 0 0 0 17 9 0 0 22 7 0 10 0 0 0 12 0 0 19 0 0 0
0 19 23 2 8 11 0 6 0 12 5 24 15 16 14 0 0 0 0 22 4 9 1 17 20
0 0 0 25 0 2 0 8 0 23 11 0 0 6 12 4 0 0 1 20 0 0 0 16 24
20 0 0 4 17 25 0 3 7 0 0 0 0 0 23 5 15 0 0 24 11 21 12 0 0
9 0 0 24 0 0 7 25 1 0 22 0 10 0 8 18 0 0 0 15 0 23 0 11 21
0 0 16 0 0 0 9 4 14 0 20 7 1 0 0 13 0 0 6 21 0 10 8 0 19
21 23 6 13 11 0 15 0 12 0 0 9 0 0 17 0 10 2 8 19 20 1 3 0 7
0 0 0 0 0 13 0 0 23 6 0 15 12 0 0 0 0 25 0 0 24 14 0 0 9
7 0 3 20 0 22 0 0 0 0 0 0 23 0 0 0 0 4 17 9 18 0 16 5 15
0 5 24 12 15 14 17 0 0 0 1 3 25 0 22 23 11 0 0 6 0 2 0 0 8
17 0 20 0 9 1 3 0 25 22 10 0 0 0 0 12 0 15 24 0 23 0 18 21 0
0 0 0 10 0 23 0 0 0 0 0 0 0 15 24 0 25 0 22 0 0 4 20 9 17
0 11 18 0 21 0 0 15 0 0 14 0 4 9 20 10 0 0 13 8 1 0 22 0 3
3 0 0 0 0 10 0 0 2 13 23 0 0 21 18 14 0 9 20 0 12 5 24 0 0
0 18 15 0 0 0 0 14 24 0 0 25 20 0 0 8 0 23 21 11 0 0 19 10 2
25 0 7 17 1 0 0 10 0 0 0 0 0 0 0 0 24 0 0 0 6 0 15 0 0
0 0 0 0 23 0 0 12 18 0 0 4 24 0 9 0 22 10 19 2 0 0 0 0 0
0 0 0 3 0 8 11 23 13 21 0 0 0 12 15 0 20 0 7 0 16 0 0 14 0
0 0 0 0 0 0 0 0 20 0 0 0 0 0 19 0 18 12 15 5 8 0 21 23 11
