0 0 5 15 0 3 29 14 0 0 2 0 0 0 0 0 0 0 0 19 0 0 25 12 32 30 11 0 35 10 0 0 33 27 36 0
0 0 25 12 9 0 34 0 16 0 18 0 14 17 0 29 23 0 4 0 0 3 0 0 22 0 8 0 24 0 0 0 7 0 0 0
0 2 0 0 23 17 35 10 0 0 0 7 0 22 0 0 33 0 0 18 0 0 0 34 20 19 0 9 12 0 3 0 4 0 0 0
0 27 8 0 33 22 15 21 0 0 28 0 13 20 0 0 0 0 0 0 0 32 11 35 17 2 1 23 29 14 0 0 26 0 0 0
0 18 16 34 26 0 24 0 0 0 0 0 0 32 0 0 7 11 23 2 14 17 0 0 3 0 5 4 15 0 20 12 9 0 13 25
0 0 11 0 7 32 12 0 25 0 0 9 0 3 28 0 0 5 33 27 0 0 8 24 6 0 0 26 34 31 0 29 0 2 14 1
0 4 0 0 0 0 17 1 0 0 23 0 16 18 0 6 13 34 10 9 0 19 0 20 0 7 35 0 0 0 27 22 31 0 0 0
8 0 0 22 31 0 0 0 0 0 0 0 0 19 0 20 0 0 0 0 0 0 0 32 0 23 0 0 17 0 0 0 0 26 16 34
0 0 0 0 0 30 20 25 0 0 0 10 0 28 0 3 36 15 0 33 0 0 24 22 0 26 0 0 6 0 2 17 21 23 0 29
1 0 29 17 21 0 0 11 35 30 7 14 8 27 0 0 31 0 13 0 0 18 0 6 19 9 12 0 20 0 28 3 36 0 5 0
16 0 0 0 13 18 22 0 24 0 0 31 11 0 0 32 14 35 0 23 0 2 0 0 28 4 15 36 0 5 0 0 0 0 25 12
25 0 12 0 0 0 0 16 0 18 0 0 0 0 0 0 0 0 36 0 0 28 0 0 27 0 0 0 0 0 30 32 0 7 0 35
18 12 0 0 20 0 0 27 0 16 34 6 0 1 0 14 17 7 3 15 0 0 23 21 8 0 4 0 36 28 11 10 32 0 0 9
0 0 7 14 0 1 10 19 9 0 0 0 0 0 24 0 22 0 6 34 27 16 33 31 25 12 0 0 13 0 0 21 3 0 0 23
0 24 4 36 0 8 21 0 0 5 15 0 18 25 12 0 0 26 32 35 19 11 0 10 0 0 0 17 14 0 0 0 6 0 0 33
27 0 33 31 6 16 36 0 4 8 0 0 0 11 35 0 32 0 0 29 0 0 7 0 0 15 23 3 0 2 0 13 0 0 0 26
0 35 9 0 32 11 0 0 26 25 0 0 0 0 0 0 0 0 22 24 0 0 0 0 16 0 33 6 31 0 1 0 17 29 30 0
2 0 0 21 3 0 14 0 7 0 0 17 0 16 0 31 0 0 20 12 0 0 26 13 0 0 9 32 10 19 0 0 22 24 28 0
0 0 0 1 0 29 11 0 0 35 32 0 0 24 0 8 27 0 18 0 0 34 0 16 12 20 0 0 25 26 0 0 28 0 23 0
0 32 0 11 30 0 25 0 13 12 0 0 0 15 3 5 28 21 27 22 4 24 0 8 0 6 31 18 0 33 0 1 0 17 7 0
0 22 0 0 0 0 5 23 21 0 0 0 0 0 20 25 19 0 30 32 9 0 10 11 29 17 14 2 1 0 34 16 0 0 33 0
26 0 13 0 19 12 0 33 31 0 0 0 7 0 17 1 2 0 28 3 0 0 0 0 24 22 36 27 0 4 0 0 0 32 9 10
0 3 21 5 28 0 1 7 0 0 0 2 0 34 6 16 18 31 0 20 0 12 13 25 35 32 0 30 0 9 24 8 27 0 0 0
0 6 0 16 0 34 0 0 36 0 0 27 0 0 32 11 0 10 0 17 0 0 14 0 0 3 0 28 5 0 0 0 0 20 0 0
0 8 0 4 24 36 23 0 0 0 0 0 6 0 25 26 12 0 0 0 0 10 0 0 0 1 30 29 0 0 0 0 34 16 0 0
6 0 0 26 12 13 33 22 0 31 16 34 32 0 1 7 0 30 15 0 17 0 0 23 36 8 28 24 4 0 10 0 0 11 0 0
0 0 30 0 0 14 9 20 19 10 11 0 0 0 8 0 24 28 34 0 0 0 27 33 0 0 0 0 26 6 0 0 0 5 17 2
0 16 27 33 34 31 4 3 28 36 8 0 0 10 0 9 0 19 0 1 0 14 30 7 21 0 2 0 0 0 13 26 0 25 0 0
0 11 0 0 35 0 26 6 0 13 0 12 0 21 0 0 0 2 0 0 0 36 28 4 0 16 27 0 33 0 0 0 29 0 32 0
0 5 2 0 0 0 0 32 0 0 0 0 0 0 0 0 0 0 12 25 0 13 0 0 0 11 0 35 0 0 36 4 0 0 0 28
15 0 0 28 0 4 0 0 17 0 21 0 34 26 0 0 0 0 0 0 12 0 0 19 0 0 32 0 0 0 0 27 0 31 24 0
24 0 22 27 0 33 0 15 3 0 0 0 12 0 0 19 0 20 1 14 0 0 0 30 23 21 0 5 0 29 0 18 25 0 0 0
0 0 0 2 5 23 0 0 0 7 0 1 24 0 31 0 0 22 0 13 0 0 0 0 0 0 20 0 19 0 4 28 0 0 15 3
0 10 20 0 11 9 0 0 0 26 0 0 0 23 0 0 0 17 0 0 0 4 0 0 0 31 22 16 0 0 0 30 1 14 35 32
35 14 32 0 0 0 0 12 0 9 10 11 0 4 0 0 0 0 16 31 0 0 22 27 0 0 6 25 18 0 0 2 5 0 29 17
0 0 0 18 25 0 27 24 0 0 31 0 0 0 0 0 0 32 5 21 29 0 17 2 0 36 3 0 28 15 9 19 0 0 12 0
