0 5 20 23 0 11 8 0 0 0 0 0 10 25 15 0 0 0 0 2 32 35 0 34 31 14 27 21 6 13 9 0 29 1 0 19
0 0 25 10 0 0 23 0 0 0 11 0 0 0 22 28 0 0 21 31 13 27 0 14 0 0 0 0 0 33 0 34 36 2 32 35
0 21 13 14 31 0 34 2 26 32 35 0 16 0 0 0 0 19 18 0 0 0 24 10 22 8 0 17 28 12 4 0 5 7 0 11
26 0 32 0 2 0 0 1 0 0 19 29 14 0 31 0 21 27 0 0 20 11 4 23 0 10 0 18 24 0 0 8 17 0 0 0
9 29 33 0 0 19 14 0 0 0 27 0 0 0 2 26 0 35 17 22 0 0 0 8 7 0 11 0 4 20 0 10 0 0 25 0
0 17 12 0 0 30 10 0 24 0 3 0 0 20 0 4 0 11 0 1 0 0 9 0 2 34 35 36 26 0 0 14 0 0 0 0
0 0 0 5 0 0 0 27 8 0 28 0 18 0 35 10 0 24 32 0 0 0 0 0 0 0 6 13 0 31 0 0 0 0 0 9
0 12 22 17 0 28 18 35 0 0 24 25 5 0 0 0 20 4 0 0 0 0 16 0 30 0 0 32 34 0 0 21 13 11 31 0
0 0 2 0 30 0 0 3 0 0 9 0 21 0 11 0 13 0 20 0 0 0 23 0 0 18 24 25 10 0 0 0 12 0 0 28
16 33 1 29 3 9 21 0 14 0 0 13 36 2 30 0 32 0 0 0 0 28 0 17 0 0 0 0 23 7 10 18 0 35 0 24
10 25 15 0 0 0 5 0 0 7 0 20 0 0 0 8 12 0 0 0 31 0 14 0 0 29 0 33 16 1 34 0 0 0 2 0
0 13 31 0 0 0 0 0 34 0 26 32 0 1 3 16 0 9 25 35 0 0 10 0 27 0 28 12 0 0 23 0 20 19 7 4
0 0 36 26 0 15 9 0 0 0 7 0 0 21 13 27 0 22 0 0 5 0 0 0 0 24 0 10 3 18 30 28 0 0 17 2
0 8 0 0 0 0 24 0 0 0 0 0 0 0 20 11 23 31 16 33 0 0 19 9 32 26 0 0 0 0 0 0 14 0 0 22
0 10 0 0 25 1 4 20 0 5 0 23 0 17 0 30 8 2 14 0 0 0 0 0 33 0 7 16 0 0 35 0 0 0 36 0
0 16 29 9 0 0 6 13 0 21 22 0 0 0 0 0 34 0 8 12 17 0 0 28 20 0 31 0 0 5 3 24 10 25 0 1
0 0 5 0 20 0 0 12 30 17 2 8 0 18 25 0 0 0 0 0 36 15 0 26 0 6 22 14 27 21 0 0 16 0 0 0
27 14 0 6 13 22 0 0 35 36 15 34 0 0 33 19 0 7 10 25 18 1 3 0 12 0 2 0 30 17 0 4 23 0 0 0
33 0 24 1 0 29 31 23 13 0 21 11 2 28 0 32 0 36 0 0 0 17 12 0 16 0 5 19 20 9 25 0 35 34 0 18
20 0 9 0 16 5 22 0 0 6 0 27 0 0 34 0 35 18 30 0 28 36 32 0 0 0 0 0 0 0 0 1 0 10 0 0
0 27 0 0 0 17 0 34 25 26 0 0 7 9 16 0 19 0 3 10 0 29 0 1 0 0 36 30 0 28 0 31 11 23 0 21
0 35 26 15 34 0 7 0 0 9 0 19 0 6 0 0 0 0 11 0 0 21 0 0 0 0 29 3 33 0 32 2 30 8 28 36
0 0 0 0 8 36 0 10 0 24 0 3 31 0 23 0 11 21 0 16 0 0 0 0 34 15 18 35 0 0 0 0 27 0 0 0
13 0 4 0 0 0 2 8 0 0 0 0 1 0 10 33 0 0 0 0 0 0 25 0 14 22 0 0 12 6 20 7 19 0 0 5
31 4 23 0 5 0 0 0 0 8 32 28 0 10 0 1 0 33 0 0 34 0 0 35 21 27 0 0 22 14 7 19 0 29 0 20
15 26 34 0 36 25 19 29 7 16 20 0 27 0 0 22 0 12 4 0 0 13 0 0 0 0 0 24 0 10 2 0 0 17 8 0
7 0 0 0 29 20 27 0 0 0 0 6 35 34 0 0 26 0 0 17 8 32 0 30 0 0 0 4 31 0 1 0 0 0 0 0
0 6 14 27 21 0 0 0 0 0 0 0 19 0 0 7 0 0 24 18 10 0 0 0 17 0 0 0 0 0 31 0 4 5 23 0
2 28 0 0 0 32 0 18 1 0 33 0 0 23 5 31 0 0 9 0 16 20 7 19 0 35 25 26 0 34 22 0 6 0 0 0
1 0 0 0 0 33 0 0 0 23 13 4 30 0 0 2 0 32 6 21 14 0 22 27 0 19 20 9 0 0 0 0 0 0 34 0
5 7 0 20 9 0 0 0 0 27 8 22 0 35 0 18 0 10 2 28 30 0 36 32 0 13 14 31 0 0 0 33 1 24 0 0
0 0 3 33 0 16 0 4 0 0 14 31 0 0 0 36 0 34 0 6 0 0 17 0 9 20 0 7 0 0 0 25 15 0 0 10
0 0 11 0 0 0 0 0 0 0 34 0 0 3 0 0 0 16 15 0 0 10 0 25 0 0 0 22 17 0 0 20 7 9 0 23
18 0 35 25 0 10 0 9 5 19 0 7 12 27 0 0 0 0 31 0 0 14 0 0 0 33 16 0 29 3 36 0 2 0 0 0
36 2 30 32 28 34 0 0 29 0 0 1 13 11 4 0 0 14 0 9 0 0 0 20 0 0 10 0 18 35 17 0 22 6 27 0
0 22 0 12 0 8 25 0 18 35 0 0 0 19 0 0 7 23 0 0 0 0 0 33 28 0 0 0 0 30 0 0 31 0 0 0
