0 0 32 27 0 0 19 0 0 31 14 16 0 0 0 15 5 30 0 12 18 0 26 0 36 28 0 8 0 11 0 34 0 0 10 6
0 22 6 29 0 0 18 26 12 0 0 0 28 0 8 33 0 0 14 0 19 0 9 16 25 0 15 0 0 30 27 1 0 35 0 32
0 0 20 3 0 0 7 11 33 0 0 0 0 0 0 0 10 0 2 15 5 0 0 25 27 0 0 32 4 23 0 13 9 14 19 31
0 0 8 36 0 0 10 17 0 6 22 0 0 0 0 0 0 26 0 0 4 0 0 27 0 14 0 31 19 9 0 15 0 2 0 21
15 2 21 0 0 5 4 0 1 32 35 27 14 16 31 13 19 0 0 0 0 0 0 0 0 0 12 0 18 26 0 0 0 0 7 8
0 14 31 16 0 0 0 0 15 0 2 25 0 27 32 0 0 0 28 33 0 0 11 36 29 22 0 0 10 0 3 0 0 24 18 20
0 0 0 15 0 0 0 0 3 26 18 0 0 13 11 0 14 0 0 0 0 9 6 0 12 0 25 30 24 20 33 27 0 0 28 23
0 0 0 0 32 35 14 0 36 0 7 0 10 15 0 0 0 21 0 25 0 0 0 12 33 4 27 0 0 0 0 16 6 19 0 9
16 0 9 0 0 0 24 20 0 0 0 12 4 33 0 27 28 0 7 0 0 0 0 13 15 0 0 17 0 21 1 0 0 0 35 26
25 0 30 0 0 0 0 0 0 0 4 0 0 0 9 16 22 6 10 29 0 17 0 15 0 0 0 26 35 0 0 0 0 0 0 11
27 4 0 0 0 0 22 0 16 9 19 34 0 0 0 25 0 20 18 0 35 0 0 0 0 7 0 0 14 31 15 29 0 10 2 0
36 7 0 0 0 14 0 0 29 0 0 0 18 1 0 0 35 0 0 0 0 0 0 33 34 0 0 0 0 0 0 25 0 0 24 30
14 0 36 19 0 0 0 15 2 0 17 5 0 0 3 35 0 1 0 28 0 0 33 7 10 9 22 0 6 0 18 24 12 0 20 25
22 9 16 0 34 6 20 0 24 0 0 0 0 0 27 28 8 33 11 0 31 0 13 0 0 0 0 0 21 15 4 0 0 0 0 0
28 23 0 0 33 0 0 34 22 16 9 0 30 18 0 0 20 0 26 35 32 0 1 4 0 0 0 36 31 13 0 0 15 17 21 0
0 0 0 5 0 0 0 0 35 0 26 0 0 0 36 0 31 0 0 0 6 0 34 10 0 30 24 0 0 0 7 0 33 23 8 27
0 0 25 0 12 20 8 33 0 27 23 0 0 0 0 22 0 34 0 2 0 29 15 0 0 0 0 0 32 1 19 14 0 0 31 36
0 26 3 0 1 0 31 13 14 36 11 0 0 5 29 0 21 15 0 24 0 0 12 0 0 0 28 27 0 0 0 0 34 9 0 16
0 0 22 0 10 0 12 0 0 24 0 0 0 11 28 0 0 7 0 31 13 0 0 9 30 0 0 2 15 5 23 32 0 3 1 35
0 29 0 0 0 15 0 4 32 35 3 23 36 0 0 31 13 19 0 6 0 0 10 0 26 0 0 24 0 18 11 0 7 0 0 28
0 0 35 23 4 0 0 19 31 14 0 9 0 0 0 21 15 5 25 20 12 0 18 0 0 27 8 28 0 0 17 0 0 0 0 22
31 36 0 0 0 0 0 5 21 0 0 0 3 23 35 0 0 0 27 0 33 0 0 0 0 16 0 22 0 10 0 0 0 0 0 0
0 0 0 0 0 12 0 0 8 28 27 11 16 17 22 6 0 10 0 21 0 0 5 30 23 0 32 35 1 0 0 31 0 36 13 0
8 0 0 11 0 33 0 10 6 22 0 17 0 26 0 20 12 0 0 0 0 35 4 23 0 36 31 14 13 19 0 21 0 29 0 0
0 0 10 0 0 0 3 0 0 18 0 0 33 31 0 11 0 14 0 0 16 19 22 6 0 15 0 5 25 24 8 0 0 0 0 0
30 0 5 0 0 0 27 28 0 4 1 0 13 6 19 0 16 22 34 0 0 10 2 0 0 12 26 0 0 35 31 11 14 0 0 0
0 0 0 0 28 0 16 22 9 19 0 6 15 20 5 0 0 0 0 0 3 18 35 32 0 0 11 0 0 14 0 0 0 0 0 0
0 0 7 31 0 36 0 2 17 0 34 21 12 0 18 26 3 35 0 0 0 0 28 8 6 0 9 0 0 0 0 30 24 0 25 5
26 0 0 0 35 3 36 0 11 0 33 31 0 0 10 17 0 0 15 30 0 0 0 20 0 1 23 4 27 0 6 0 22 0 16 0
0 13 0 6 22 16 25 0 0 0 15 0 1 8 4 23 0 0 33 11 36 0 0 31 21 34 0 0 0 2 32 26 35 0 3 18
18 20 0 0 3 0 0 36 0 0 8 0 6 2 34 10 17 29 21 5 0 15 0 24 28 32 4 0 0 27 0 0 16 31 9 0
5 21 0 24 25 0 0 0 4 0 32 0 0 0 13 19 9 0 0 0 17 0 0 2 35 0 0 12 0 0 0 7 0 0 11 0
0 6 34 0 0 17 26 3 18 0 20 0 0 14 0 0 11 0 0 19 9 0 0 0 0 0 0 0 30 0 28 4 27 32 0 0
0 0 0 0 16 9 0 0 0 15 0 24 0 28 0 0 0 0 0 7 11 33 36 0 0 0 10 34 0 0 0 0 3 20 0 12
0 32 1 28 27 23 9 16 0 0 31 0 21 24 15 5 30 25 0 18 26 0 3 0 14 0 7 33 0 36 2 10 0 0 0 0
0 8 0 0 0 0 17 0 10 34 0 2 20 35 0 0 26 0 0 4 0 1 27 0 0 0 19 13 9 0 24 0 0 21 30 0
