31 0 0 33 22 0 29 14 9 0 7 30 0 0 0 4 20 1 5 3 0 0 0 0 0 16 35 0 17 6 12 0 27 0 36 0
23 1 28 4 32 20 0 0 25 8 0 0 0 30 0 0 9 29 0 18 12 0 0 27 0 19 31 0 0 15 0 2 17 35 6 16
0 16 0 26 2 17 0 23 0 0 32 28 31 0 22 0 0 0 0 0 10 0 0 9 13 11 0 12 0 36 0 24 0 0 5 34
3 0 5 8 24 25 16 35 0 0 0 6 0 36 0 12 0 0 0 31 33 0 0 0 7 29 0 10 0 0 0 32 20 23 28 1
0 11 36 12 13 0 0 31 21 33 22 0 0 0 0 26 0 16 28 0 0 1 32 20 24 34 3 8 25 5 0 7 9 14 0 0
14 0 30 0 7 0 0 0 27 0 13 0 3 5 0 8 25 0 0 0 26 16 2 0 32 1 0 0 0 0 0 0 21 31 0 0
36 0 0 0 27 0 0 0 1 22 0 0 6 0 17 0 19 35 0 0 32 0 0 29 25 3 0 0 0 8 0 0 0 30 0 0
0 0 26 0 17 0 23 28 0 32 20 0 0 0 21 0 1 0 10 30 0 0 9 0 0 0 36 13 0 0 24 25 11 5 8 3
15 31 0 22 21 1 0 0 0 0 9 0 28 0 20 32 29 0 0 5 0 3 0 11 0 0 0 2 0 0 0 27 16 36 0 0
5 0 0 0 25 0 35 6 19 2 0 0 36 0 0 0 0 18 0 0 0 31 21 1 0 0 30 7 0 0 0 0 0 0 0 0
30 14 0 7 9 34 0 36 0 13 27 0 5 8 25 0 0 0 26 0 2 0 17 19 0 0 0 0 0 0 22 0 0 0 33 0
0 0 0 0 0 29 3 0 11 24 0 8 30 0 9 7 0 0 0 36 13 0 0 16 0 31 15 0 0 33 0 0 0 0 0 0
34 9 0 0 8 24 27 0 2 0 26 0 0 18 0 36 13 25 31 0 15 17 33 0 0 20 29 30 0 14 0 4 32 1 0 0
1 0 0 28 4 0 0 34 0 5 8 3 0 0 0 0 7 0 0 11 36 0 12 0 0 17 19 0 0 0 6 26 2 0 0 0
0 20 14 0 10 0 25 0 13 0 12 0 0 3 8 0 0 0 0 0 6 0 0 0 0 21 1 0 0 23 15 0 0 0 31 0
16 0 35 0 0 0 0 1 32 28 0 0 19 0 0 15 22 17 0 0 30 20 10 0 0 25 11 36 13 18 0 0 24 0 0 9
0 0 0 15 0 22 0 29 0 30 10 0 1 23 0 0 0 21 3 0 5 0 0 0 0 0 0 0 2 0 0 0 13 0 18 25
11 0 0 0 12 13 17 19 22 15 33 31 16 0 0 6 2 0 23 1 0 21 0 0 0 9 34 5 24 0 0 0 0 0 0 20
2 26 17 0 31 15 4 32 0 0 14 20 0 21 0 1 0 33 0 0 0 0 0 5 35 0 0 0 6 0 0 0 0 24 0 8
22 33 21 0 0 0 0 7 5 34 3 0 32 0 0 0 30 4 25 0 11 8 18 36 0 0 0 19 15 17 16 0 0 0 27 12
24 0 25 0 18 36 0 2 15 0 0 17 13 27 0 0 6 0 0 0 0 0 23 0 3 10 7 34 5 9 0 14 0 32 20 0
0 0 20 29 14 0 0 24 0 11 18 25 7 0 3 0 0 10 0 13 0 0 0 6 23 33 0 1 28 21 0 31 0 0 17 0
7 10 0 0 0 0 0 13 6 0 35 27 0 0 18 0 0 0 17 2 19 26 31 0 14 4 32 0 30 20 0 0 28 22 0 0
13 12 0 16 35 0 0 0 0 0 23 21 0 17 0 19 15 26 0 0 0 4 14 0 0 0 24 11 36 25 34 0 5 7 9 10
21 0 0 0 28 4 7 9 8 3 0 0 20 29 0 0 0 32 0 0 18 24 36 0 0 0 0 31 0 19 35 6 0 0 0 13
9 0 34 3 5 8 0 0 0 35 0 16 0 11 0 0 0 24 19 0 0 0 15 0 30 32 0 14 10 0 0 0 0 0 0 0
25 0 0 18 0 12 0 17 33 31 0 19 27 16 6 35 26 13 0 21 0 0 28 0 0 7 9 0 0 34 0 0 0 20 0 0
0 0 16 35 0 0 22 21 4 23 0 0 17 0 0 0 0 2 29 0 0 0 30 10 0 24 25 0 0 11 3 0 0 0 0 7
17 2 0 0 0 33 32 20 10 0 30 29 0 0 28 23 4 0 34 0 3 7 0 0 6 0 27 35 0 0 0 36 12 25 11 24
20 0 0 14 30 10 0 25 12 0 36 0 9 0 0 0 8 0 0 27 35 13 0 0 0 0 0 23 4 0 0 0 0 17 19 2
10 30 7 0 0 3 36 0 35 27 0 13 0 0 11 25 0 5 0 26 17 0 0 0 29 28 0 20 0 32 21 1 0 33 22 0
12 0 13 0 0 0 0 0 0 0 0 0 0 0 0 17 0 0 32 0 20 0 0 0 0 5 8 25 0 0 9 0 0 0 7 30
26 0 2 0 19 31 0 4 14 20 29 0 0 22 0 21 23 0 7 10 9 0 34 3 0 36 0 27 0 13 0 0 18 0 24 5
0 0 24 25 0 0 0 26 0 0 19 0 12 13 16 0 0 36 0 33 21 15 0 0 34 0 10 0 0 7 20 29 14 4 0 0
4 28 32 20 29 14 0 8 0 0 11 24 0 7 0 9 3 30 0 12 27 0 0 0 0 0 0 0 23 22 0 0 0 0 0 6
33 15 22 21 1 0 0 0 0 0 0 0 4 0 29 20 14 0 0 0 0 0 11 0 19 0 0 0 31 0 27 16 35 0 13 0
