0 0 0 29 13 0 0 0 0 19 6 18 27 15 10 0 33 7 0 5 0 0 12 34 0 30 0 31 0 0 0 0 0 22 0 0
33 27 17 0 15 7 0 9 0 29 0 13 0 0 0 32 21 0 0 6 0 0 19 11 0 0 35 0 0 0 14 0 0 0 0 20
0 0 0 19 0 0 34 0 24 12 5 0 0 13 29 9 0 23 26 8 0 31 14 0 0 0 32 3 0 1 0 7 33 0 15 17
0 0 0 1 0 2 0 0 27 0 0 0 26 31 14 20 0 0 0 0 9 13 29 4 0 11 36 18 25 0 0 0 34 24 16 35
0 0 0 14 31 0 0 32 22 1 2 3 0 0 0 0 0 0 0 0 17 15 10 33 23 4 9 13 28 29 0 6 0 25 0 0
0 24 0 0 16 0 30 20 0 14 8 0 0 0 0 0 0 6 22 2 32 0 0 0 0 33 17 15 27 10 0 23 0 28 13 0
0 0 0 30 0 0 20 1 0 0 3 0 6 24 34 0 0 0 0 0 0 0 0 0 13 0 0 0 0 4 11 0 0 23 25 0
9 23 0 0 25 18 0 0 0 34 16 24 0 28 4 29 17 13 0 0 14 26 30 35 3 0 0 0 0 0 33 15 32 0 0 0
0 0 1 21 22 0 32 10 0 33 0 27 0 0 30 0 0 31 0 0 0 28 0 17 0 9 19 25 0 0 34 16 36 0 24 0
36 0 12 34 0 0 0 0 5 0 31 0 0 25 11 19 9 18 8 0 1 0 0 20 15 32 0 27 2 0 0 13 0 0 0 0
17 7 0 4 28 0 0 0 0 11 18 0 0 27 33 0 0 15 6 0 12 24 34 0 0 0 0 0 5 30 21 3 20 0 22 0
0 0 0 0 27 15 17 0 0 0 0 28 8 22 0 1 20 0 0 0 19 0 0 9 16 0 12 24 6 0 30 31 0 0 26 0
24 0 0 16 0 12 26 8 35 0 14 0 9 0 0 0 0 19 20 0 0 0 3 22 0 0 7 0 32 15 0 29 28 0 4 0
0 0 23 13 0 0 0 6 0 18 19 11 32 33 0 7 27 10 0 0 0 34 16 0 0 26 0 30 0 0 3 1 0 0 21 2
27 0 7 15 33 10 28 23 0 0 29 4 20 21 3 2 22 1 0 19 6 0 18 25 0 24 0 0 36 0 31 0 26 35 0 0
26 35 0 31 30 0 0 0 0 0 1 0 36 0 0 0 24 12 32 0 7 33 0 27 0 28 0 0 17 13 18 0 0 0 11 6
0 9 6 18 0 19 0 0 0 0 12 34 17 4 13 0 0 0 35 14 8 30 0 26 0 0 0 0 0 0 0 0 27 32 0 0
0 0 0 0 21 1 27 0 0 0 0 33 0 0 0 0 26 0 17 0 0 4 0 28 0 25 0 11 9 0 16 12 24 0 34 0
0 10 0 28 17 0 0 0 29 25 0 9 1 32 27 15 2 0 19 34 0 36 0 0 30 0 0 35 12 26 0 21 8 14 20 3
6 0 16 24 36 0 0 0 12 0 30 0 0 0 25 18 0 11 0 0 3 20 22 0 33 2 15 0 0 27 0 0 0 10 0 13
2 0 0 0 32 0 0 0 0 28 4 0 14 0 0 0 0 21 29 11 18 0 0 0 0 0 16 36 0 0 0 30 5 12 35 31
23 29 0 0 0 0 6 0 19 0 34 36 0 0 0 0 7 0 0 0 0 35 26 5 0 0 3 0 0 22 0 0 0 0 0 0
8 14 3 0 20 0 0 0 0 27 33 0 12 35 0 31 0 30 10 4 13 17 0 0 11 23 0 0 0 0 24 34 0 19 36 16
5 12 0 26 0 30 8 0 14 22 0 0 0 36 0 16 0 0 0 33 15 32 0 2 0 0 13 17 10 28 25 11 23 0 0 18
19 18 0 0 6 24 12 0 0 35 0 0 0 0 0 11 29 25 0 0 0 0 20 14 27 0 0 2 0 0 17 0 10 0 7 4
0 0 21 20 8 0 1 33 0 0 27 0 0 5 35 30 12 26 15 0 0 0 0 0 25 29 11 23 0 0 36 0 0 18 0 34
0 0 0 35 0 26 0 21 0 0 22 8 0 6 0 34 19 24 3 0 0 0 0 0 28 10 0 7 0 0 0 25 0 13 0 0
1 3 33 0 0 0 0 0 0 0 28 7 31 0 0 0 14 22 0 25 0 0 9 29 0 19 0 0 18 36 0 0 0 16 0 0
10 0 0 0 7 28 0 11 0 0 0 23 3 2 0 0 1 27 18 24 34 0 36 0 26 0 30 5 0 35 0 0 0 31 8 0
29 13 11 0 23 0 0 34 18 36 24 6 0 0 0 0 10 0 16 0 30 0 0 12 0 14 21 8 31 20 0 27 1 3 2 0
13 0 0 23 0 0 0 24 0 6 0 19 0 0 7 0 15 0 34 35 0 12 5 0 20 31 22 14 30 0 2 32 3 0 0 0
0 0 27 0 1 0 15 28 0 0 0 0 30 14 0 0 31 0 4 9 25 29 23 13 0 18 0 19 11 0 5 35 16 34 12 26
0 33 28 0 10 0 13 25 4 23 0 0 21 0 2 0 0 0 0 36 24 19 0 0 35 16 0 0 0 5 0 20 31 0 0 22
0 0 22 8 14 0 3 0 0 0 32 1 0 12 0 0 0 0 33 0 0 10 0 15 0 13 0 29 0 0 0 36 0 11 19 24
18 11 0 6 0 36 0 26 34 0 35 0 0 0 0 0 13 0 30 0 0 0 8 0 0 3 0 1 0 0 0 17 15 33 0 0
16 0 26 0 0 0 0 22 30 8 20 0 0 19 0 0 0 0 21 0 0 1 0 3 17 15 0 0 0 7 23 9 13 4 0 25
