0 5 10 0 19 0 49 4 0 0 34 47 3 6 46 0 43 0 35 0 42 0 21 0 18 0 0 15 0 25 8 38 0 0 33 0 2 0 9 0 32 0 41 0 26 0 37 0 0
16 0 0 0 20 0 18 2 45 32 0 0 27 0 3 4 47 34 0 0 0 0 0 24 0 42 0 0 28 0 37 0 31 26 41 0 33 25 40 0 38 30 0 0 0 5 0 13 19
38 23 33 0 40 0 0 29 0 16 18 0 0 20 0 0 36 0 0 0 13 0 0 41 26 12 37 0 6 47 0 48 0 0 4 0 0 0 0 0 42 0 2 0 0 0 45 32 9
0 46 0 0 39 43 44 0 0 38 0 25 0 40 27 0 0 0 45 0 32 0 3 0 0 0 0 0 0 36 14 0 0 0 0 37 41 0 0 0 12 26 29 0 18 0 17 16 20
48 3 0 0 6 0 0 0 0 12 26 22 0 0 23 33 0 0 8 0 38 9 27 0 7 32 45 0 20 0 0 0 21 18 29 14 10 36 19 5 0 0 0 43 0 0 35 0 0
0 0 2 0 9 0 7 10 0 0 0 36 0 0 31 41 22 0 37 0 0 40 23 0 0 38 0 0 0 43 0 42 46 44 0 17 29 0 20 0 16 0 0 0 34 0 1 48 0
12 31 41 37 0 22 26 0 0 42 44 43 0 0 0 29 15 18 17 0 0 0 0 10 0 0 14 36 9 11 0 32 27 0 2 1 4 0 6 0 0 34 0 0 0 23 0 38 0
36 0 0 5 10 0 13 34 0 47 0 35 6 4 39 0 17 42 46 24 43 0 20 18 16 0 21 14 0 0 23 25 0 0 0 27 0 1 2 0 11 0 0 0 12 28 0 0 0
15 20 18 0 29 0 0 7 0 0 0 0 0 2 0 34 0 48 0 0 0 24 0 44 0 43 0 17 0 8 0 0 28 12 0 0 30 45 0 40 0 38 0 37 0 0 0 36 0
11 9 7 0 0 0 32 0 5 0 0 37 0 10 0 0 0 0 0 0 0 33 0 0 38 0 0 0 24 0 0 43 0 0 44 0 0 14 0 20 0 0 34 35 0 0 3 47 0
43 39 44 46 24 0 42 0 0 25 0 0 0 0 9 0 0 0 0 2 0 4 0 34 0 47 0 35 10 37 0 0 19 13 0 0 0 8 41 28 22 0 0 0 16 0 0 0 0
0 28 26 31 0 8 12 44 46 0 42 17 0 24 0 0 0 0 21 29 0 0 0 0 0 36 0 37 2 0 27 0 0 32 0 3 34 0 4 6 0 48 0 45 0 0 0 25 33
0 40 0 23 33 0 38 18 0 0 0 14 0 29 19 49 0 0 0 10 0 0 0 0 0 0 0 8 4 0 3 47 0 0 34 46 44 0 0 0 43 42 0 1 32 9 0 0 2
0 0 34 3 0 0 48 0 0 22 12 0 0 0 0 0 0 0 23 0 25 2 0 0 32 0 27 1 29 0 0 0 20 16 18 0 49 0 10 0 0 0 44 0 42 39 46 43 0
0 0 40 22 0 0 0 0 43 18 29 16 0 0 0 0 0 10 0 5 0 0 37 28 41 0 0 0 3 0 11 0 0 4 0 47 39 42 0 0 0 24 9 0 2 0 25 7 0
18 17 20 0 0 0 0 9 0 7 2 32 0 0 1 0 0 4 0 3 0 46 35 0 24 44 0 0 31 0 0 26 37 0 0 22 0 38 0 0 30 33 19 13 10 0 0 49 5
49 0 19 15 0 0 0 6 11 0 0 48 0 3 0 39 0 0 47 46 0 0 17 20 0 0 43 16 0 38 22 0 8 0 0 0 0 0 27 0 0 0 28 12 0 0 0 26 0
34 1 6 11 3 0 4 0 36 26 41 0 37 31 0 0 38 0 0 0 30 27 0 9 2 7 25 0 21 0 0 18 0 0 20 15 0 0 0 14 0 0 0 0 0 0 47 44 46
7 45 0 0 27 0 0 19 0 49 0 13 0 0 0 28 12 0 36 0 0 0 8 40 33 0 0 38 0 42 47 0 35 0 39 43 0 16 0 17 0 0 0 48 0 1 11 34 0
0 0 0 47 0 42 24 40 22 30 0 0 8 0 45 0 0 2 0 27 0 0 1 6 0 34 0 48 0 13 0 0 0 10 0 36 28 12 0 37 26 0 0 0 0 0 0 0 21
0 0 0 0 0 12 41 39 47 44 0 42 0 0 0 0 0 0 0 0 0 0 0 19 0 0 0 0 27 0 25 7 45 2 9 0 0 48 3 0 0 4 40 38 33 0 22 30 23
27 0 0 0 0 0 45 15 29 5 14 0 18 0 49 36 28 37 0 0 0 12 26 22 8 23 0 40 0 0 4 0 0 0 0 24 0 0 42 44 0 0 11 0 1 0 0 0 0
0 49 0 10 0 28 0 47 0 0 0 39 0 48 44 43 20 17 24 0 0 16 18 15 14 5 0 19 38 9 33 27 0 0 0 2 0 6 0 0 0 0 0 40 8 26 0 0 0
0 0 0 0 12 0 0 43 0 21 17 20 0 42 18 15 0 0 0 0 0 0 0 36 37 0 10 0 0 0 2 3 7 1 11 0 47 0 48 0 0 0 0 0 45 0 0 27 38
0 0 0 0 48 39 0 22 41 23 0 0 0 0 0 25 0 0 33 0 0 0 7 11 0 3 0 0 0 19 29 0 18 14 0 0 0 28 0 0 0 37 43 20 17 44 24 21 0
0 44 0 24 0 20 17 0 0 0 45 0 0 38 0 11 6 0 0 0 0 48 34 47 0 0 0 0 0 0 10 31 0 0 36 0 22 0 0 0 23 8 15 0 14 0 0 0 0
0 7 11 2 0 0 1 36 0 31 0 0 0 13 0 22 40 0 0 0 0 0 30 0 45 0 33 9 0 20 0 0 44 17 43 29 15 0 0 18 5 14 47 0 0 34 4 46 48
5 18 0 29 16 19 14 0 2 3 0 0 7 0 0 47 0 35 4 0 0 42 44 0 0 21 24 20 12 40 0 0 0 0 0 0 0 9 38 0 0 45 0 0 0 49 0 0 13
4 11 0 0 0 34 6 31 13 41 28 0 36 37 0 0 30 0 12 8 0 0 0 27 0 2 38 0 17 0 0 0 43 20 21 16 5 0 0 15 10 19 46 44 39 0 48 0 0
24 0 0 0 0 44 39 0 12 0 0 30 0 0 25 0 7 0 38 45 0 0 11 0 6 4 32 34 14 0 16 0 0 0 0 0 31 0 0 36 0 28 21 0 0 43 42 0 17
0 22 23 0 0 30 40 21 42 29 20 18 0 0 15 5 49 19 0 14 0 37 0 0 28 0 0 26 0 0 32 4 0 0 0 0 0 44 0 0 24 0 0 0 9 25 38 0 0
0 25 27 38 0 0 0 0 0 10 0 49 0 14 36 31 0 0 0 0 41 0 0 0 40 33 0 0 35 44 0 24 47 0 46 42 0 18 0 43 0 0 3 34 0 11 0 4 1
41 36 0 13 37 0 28 46 48 24 39 44 0 35 0 0 0 0 0 17 29 0 0 5 19 0 16 49 45 7 38 0 25 0 27 32 0 0 1 11 4 6 0 0 0 22 12 0 0
29 0 21 42 0 0 0 27 38 2 0 0 0 0 0 0 0 6 32 1 4 35 47 0 0 24 48 0 0 26 13 41 0 28 31 12 23 0 8 0 0 40 0 49 19 0 16 0 0
0 0 0 0 14 0 0 3 32 4 6 34 11 1 47 0 44 39 0 35 0 0 0 21 20 29 0 0 0 30 0 33 0 40 0 0 0 0 45 25 0 9 31 0 28 0 13 41 0
0 0 0 34 0 0 46 8 26 40 23 0 12 22 0 0 2 27 30 25 9 11 0 0 3 0 0 4 15 0 18 19 0 0 14 0 37 41 36 0 0 0 0 0 21 0 0 0 43
20 42 0 44 43 0 21 45 30 9 0 2 0 25 0 0 4 3 7 11 0 47 48 0 46 39 34 0 0 0 49 28 0 31 0 0 8 0 22 0 40 23 14 0 0 16 18 19 0
6 32 1 0 0 0 0 37 49 0 0 0 0 0 12 0 33 0 0 22 0 25 38 45 0 9 0 2 0 0 0 0 0 0 0 18 14 10 15 0 19 0 35 24 0 48 0 39 47
28 13 37 49 0 0 0 35 0 39 0 24 0 0 0 17 0 0 0 0 20 0 16 14 5 0 18 0 0 2 30 9 0 27 45 0 1 4 11 32 0 3 8 33 0 12 26 0 22
9 38 0 30 0 2 0 0 18 0 5 0 0 0 13 0 0 31 49 36 0 22 12 8 23 40 0 33 0 0 34 0 48 46 0 44 0 0 0 42 20 0 1 0 3 0 0 0 0
0 12 8 26 22 33 23 17 44 20 0 0 42 0 16 0 0 0 18 0 19 0 13 37 0 28 49 0 0 4 0 6 0 3 0 0 0 0 0 0 39 46 0 0 27 38 0 0 0
0 0 0 18 0 10 0 1 7 6 0 0 0 0 0 0 24 46 34 47 0 43 42 0 21 0 0 29 22 0 26 40 0 23 8 30 45 2 25 38 9 0 0 0 0 0 49 28 0
35 0 48 6 0 46 0 0 0 8 0 23 41 26 0 38 0 25 40 30 45 7 0 0 0 1 9 3 0 5 20 14 29 0 16 0 13 0 49 0 37 0 42 21 43 24 39 0 0
0 24 0 0 44 21 43 38 40 45 25 0 0 30 2 32 3 11 9 7 0 0 4 48 47 35 6 0 49 0 0 0 0 0 13 28 0 23 0 41 8 0 16 5 0 0 0 0 0
0 10 13 19 49 31 0 48 0 0 0 46 0 34 0 0 21 0 0 44 0 0 0 16 0 14 0 0 30 0 0 0 0 25 38 0 0 3 0 0 1 11 0 23 22 41 0 8 0
0 2 32 0 7 0 11 13 0 0 36 0 10 0 41 12 23 0 28 26 8 0 33 38 25 45 40 27 44 21 0 17 24 0 42 20 16 5 0 29 0 15 0 0 0 4 6 35 0
45 0 0 40 0 27 25 0 0 14 15 0 0 0 0 13 0 36 19 49 0 26 41 12 0 0 0 0 34 0 0 35 0 0 0 0 42 0 0 0 0 0 0 3 11 2 9 1 0
14 29 16 0 18 5 15 0 0 0 0 3 2 0 0 0 46 47 0 34 0 0 24 0 0 17 39 0 26 23 0 0 0 0 12 40 38 0 0 0 0 25 13 0 36 10 0 0 49
8 41 0 28 0 0 22 0 0 17 43 21 0 44 0 16 5 0 0 18 14 0 0 0 0 37 19 0 0 3 9 0 0 0 32 6 48 0 34 0 0 47 38 27 25 0 40 0 30
