22 16 35 27 0 0 0 0 34 49 0 0 12 0 0 42 1 0 21 39 31 14 17 0 0 33 0 0 9 0 0 0 40 2 0 0 0 0 0 4 0 30 0 48 38 32 0 0 5
47 24 12 37 0 0 0 0 30 0 6 18 43 0 5 0 46 0 0 25 38 2 0 13 0 40 0 0 0 35 0 0 0 0 0 42 39 21 7 0 45 0 0 3 0 0 0 0 44
5 23 0 32 0 46 0 0 0 0 44 0 0 26 22 0 0 16 27 0 11 18 4 0 0 0 6 0 0 0 1 7 45 0 0 13 0 2 0 9 40 19 0 12 0 0 0 20 47
6 29 43 18 41 0 0 45 0 0 7 21 0 39 44 3 8 33 14 26 0 0 11 35 0 0 22 0 49 0 34 0 24 37 20 48 25 0 5 38 23 46 0 13 9 0 40 0 0
0 0 0 14 0 8 17 0 19 0 0 2 0 28 47 0 34 24 0 20 49 0 0 0 1 0 0 0 38 0 46 5 0 0 0 35 15 0 0 11 0 36 0 43 0 0 29 41 6
7 45 42 0 0 1 0 0 46 0 0 32 48 0 0 0 0 40 0 0 9 0 49 12 0 24 0 0 0 0 30 0 29 18 0 0 0 14 0 17 33 0 0 0 0 0 16 0 22
0 0 0 2 28 19 0 16 36 0 22 27 35 15 6 0 30 0 18 0 4 32 38 0 46 23 5 0 0 3 0 0 33 0 0 12 0 0 47 0 0 0 1 0 0 21 45 0 0
21 7 39 1 0 0 0 0 35 0 0 46 25 38 2 28 0 0 0 0 40 34 0 20 48 47 0 49 0 41 0 18 6 30 0 0 17 0 14 0 44 0 0 15 16 0 22 0 0
0 10 28 19 0 43 40 22 0 16 0 0 0 11 18 0 3 6 0 0 0 0 23 0 0 5 32 38 0 0 12 14 44 8 17 20 49 0 37 0 0 0 13 0 0 0 7 0 21
32 0 0 0 38 35 0 0 12 33 0 8 0 0 0 0 0 22 36 0 16 0 29 41 3 0 0 0 0 39 13 21 0 0 0 28 0 19 2 40 10 43 48 20 0 0 47 0 0
14 0 0 8 0 0 0 10 43 40 2 0 0 9 37 0 48 0 0 0 0 0 45 0 13 0 21 0 23 0 35 32 0 0 38 0 0 36 27 16 0 42 3 41 0 30 6 4 18
37 47 0 34 49 48 24 6 0 29 18 0 41 0 0 0 0 5 46 38 0 0 40 28 0 0 0 0 16 0 42 0 0 0 11 39 31 1 21 45 0 13 12 26 0 8 44 17 0
0 0 0 0 4 0 29 0 0 45 0 1 39 31 0 26 0 44 8 17 0 0 0 0 42 22 0 0 24 0 0 0 47 0 49 25 0 0 32 0 0 0 43 0 0 0 10 0 0
0 22 15 36 11 0 16 0 48 0 37 0 20 49 21 39 13 7 0 31 0 0 0 0 12 0 0 0 40 28 0 2 0 0 9 41 4 30 0 29 0 0 0 25 23 0 0 38 0
16 0 0 0 0 0 15 49 37 20 0 47 0 12 45 0 21 31 0 0 39 44 0 30 0 0 0 0 0 0 0 0 0 0 13 19 43 6 0 41 4 18 0 0 25 0 0 48 23
40 9 1 0 0 2 0 11 27 0 16 0 46 35 0 0 18 0 6 0 0 0 0 34 32 38 0 0 0 0 0 33 17 0 3 0 0 0 0 20 49 0 21 0 39 7 31 0 0
24 0 8 47 0 0 0 0 0 0 29 0 19 0 23 34 32 38 5 48 0 0 0 1 2 0 40 0 15 0 0 16 11 22 35 36 42 0 45 39 31 0 14 30 0 0 17 0 33
23 38 0 0 0 0 0 17 0 26 0 44 30 0 0 46 27 0 0 0 0 6 0 19 18 0 29 0 39 0 21 45 31 0 0 0 13 0 40 28 9 2 37 0 20 47 0 0 24
29 0 0 0 43 18 0 31 0 39 45 7 0 0 33 0 0 0 44 3 26 0 0 46 27 11 16 35 20 8 0 24 49 0 12 0 0 5 0 0 0 32 0 1 0 10 0 0 0
45 31 36 0 42 21 39 38 0 25 0 0 34 0 40 1 0 0 0 0 0 47 20 8 0 49 24 0 41 0 18 0 4 6 43 0 0 0 33 26 17 14 0 46 15 0 11 0 0
0 17 30 44 3 14 26 0 2 0 0 0 0 13 24 0 37 0 0 0 0 0 0 36 21 0 0 0 25 0 0 0 38 0 0 0 35 22 0 15 11 27 18 0 0 0 4 0 0
0 13 7 9 21 0 0 0 0 0 15 11 0 0 41 10 0 43 4 0 19 38 0 47 23 0 25 37 30 0 33 0 3 0 0 0 14 0 0 8 12 0 0 22 0 0 0 27 0
20 12 44 49 0 0 0 0 0 0 41 4 10 0 0 0 0 48 0 37 34 9 1 7 40 0 0 21 46 0 0 15 0 11 32 22 0 0 39 36 42 0 33 0 30 0 3 0 26
0 0 47 38 37 23 34 0 0 30 26 0 6 0 15 5 0 0 0 0 46 0 0 0 29 43 0 0 0 22 45 0 0 31 0 7 21 9 28 1 0 40 0 44 8 0 12 0 20
0 35 0 0 0 16 46 12 0 0 20 49 0 0 39 22 45 42 0 27 0 17 0 6 33 0 0 0 1 0 0 0 13 0 0 0 0 0 0 0 0 0 23 47 34 38 48 37 0
0 0 22 0 27 45 36 48 23 0 25 0 0 37 28 7 0 0 0 21 0 49 0 44 24 12 0 0 0 0 0 41 0 0 2 6 0 17 26 30 0 0 16 5 0 11 0 32 0
0 43 10 4 2 0 0 0 0 36 0 31 22 27 26 6 33 3 17 18 0 0 46 0 16 0 15 32 8 0 0 0 0 49 14 47 37 38 25 0 0 0 0 0 0 0 13 0 0
26 0 0 17 0 33 30 13 40 0 0 0 7 21 20 44 24 0 49 0 8 31 0 22 0 0 39 27 0 47 23 25 48 0 0 0 32 0 0 0 35 0 0 0 0 0 43 0 41
3 30 0 0 6 17 0 0 0 0 0 28 45 0 12 33 49 8 20 0 14 0 27 0 31 0 42 22 0 24 0 0 0 0 0 0 5 15 0 0 46 0 4 40 2 41 19 0 0
35 0 23 0 0 0 0 8 49 0 12 0 33 0 0 0 0 0 0 22 0 0 18 29 17 0 0 6 0 45 9 0 0 0 0 0 10 41 43 0 19 0 0 24 37 25 0 0 0
0 0 0 39 0 0 0 34 0 37 48 0 0 0 0 45 9 0 0 7 21 20 0 0 49 8 12 0 0 40 4 43 19 41 0 0 0 0 0 18 30 0 0 0 32 15 0 5 35
43 19 40 0 0 4 0 36 31 0 42 39 16 0 3 0 17 0 26 0 18 15 0 0 11 46 0 5 14 33 0 0 8 0 0 24 47 25 48 37 0 0 9 45 21 0 0 0 0
48 0 0 0 0 0 37 30 17 18 0 0 0 6 0 0 11 0 0 0 0 41 2 40 4 0 0 10 0 0 31 0 36 0 0 45 0 0 0 0 1 9 49 0 0 20 8 0 0
12 0 0 20 0 0 14 19 4 0 0 0 0 0 48 0 38 0 25 47 37 0 0 45 9 0 13 0 0 23 0 0 0 15 5 0 22 0 0 27 0 0 17 29 18 26 30 0 0
0 0 45 28 7 0 21 46 11 32 35 15 0 5 0 0 0 0 41 10 2 25 0 0 38 34 0 47 18 29 17 3 30 26 0 33 0 0 12 0 0 0 0 0 27 0 0 0 42
0 0 0 3 29 0 0 21 28 7 1 0 0 45 8 17 20 0 0 33 0 42 0 0 0 0 0 16 47 49 0 0 0 48 24 38 23 0 46 5 0 15 0 9 10 0 2 0 19
0 32 38 35 0 0 0 14 20 44 8 12 0 33 36 11 0 0 0 0 22 3 6 0 26 0 30 0 7 31 28 1 21 13 45 0 0 43 19 0 2 0 0 0 47 48 37 0 34
0 37 49 0 0 0 47 0 26 0 0 3 4 29 0 0 0 32 35 23 5 0 0 9 41 0 19 40 0 0 39 36 27 0 0 0 0 13 1 0 0 28 20 17 0 0 14 33 8
8 14 0 0 0 20 44 0 41 0 19 0 9 40 34 0 25 37 0 24 0 0 0 31 0 0 1 45 5 38 15 46 0 35 23 11 0 42 0 22 0 0 26 4 6 3 0 29 0
19 2 9 0 40 0 0 0 0 0 36 0 0 16 30 4 0 18 0 29 0 0 0 0 15 0 46 0 44 0 20 0 0 12 0 49 0 0 0 0 0 0 28 31 7 0 0 0 0
0 0 31 0 0 28 7 32 0 5 0 0 38 0 0 0 41 0 0 40 10 48 0 0 0 37 0 24 6 4 26 30 18 3 29 0 0 12 8 44 0 0 39 0 0 0 27 16 0
36 0 0 42 16 39 0 0 0 47 34 0 49 0 0 0 28 21 13 0 7 12 0 17 20 14 8 0 10 0 41 0 0 0 0 0 0 3 30 6 18 0 0 38 0 0 0 0 0
0 0 0 33 0 44 0 0 10 13 0 0 0 0 49 0 47 0 24 8 12 0 0 27 7 0 31 0 48 0 0 0 25 23 34 0 0 16 0 0 15 22 6 2 43 29 0 0 0
0 0 2 0 0 0 43 39 0 42 0 45 27 0 0 0 44 26 33 0 3 0 0 32 22 15 0 46 0 0 47 49 20 24 8 0 0 23 0 0 25 0 0 21 0 0 28 0 9
0 0 32 0 0 22 0 20 47 0 0 24 14 0 0 27 7 0 45 36 42 33 0 18 0 0 17 0 13 21 10 0 28 0 0 2 0 29 4 0 41 0 0 37 48 0 0 0 0
38 25 0 23 34 0 48 0 0 3 0 0 18 0 0 32 22 0 0 46 0 29 43 2 6 41 4 0 0 0 0 31 39 0 36 21 0 0 9 0 28 0 0 0 12 0 0 8 49
0 0 0 0 0 0 13 0 0 0 11 16 0 46 4 2 6 41 0 19 0 0 0 0 5 25 0 0 3 0 44 0 0 0 30 14 8 24 49 0 20 47 0 0 0 0 0 36 0
31 0 27 0 0 0 42 0 0 0 0 0 37 0 0 0 0 0 0 1 13 24 12 0 0 20 49 8 0 0 6 0 0 29 19 0 0 0 17 0 0 44 0 0 0 16 0 0 11
0 20 14 24 0 0 12 41 0 0 4 29 0 19 38 0 0 25 23 34 48 40 0 0 10 0 9 1 0 0 0 0 0 16 0 27 36 0 0 42 39 0 44 0 0 0 26 30 17
