0 0 0 22 42 0 44 12 2 21 13 0 45 0 0 24 0 47 16 0 29 41 0 0 0 0 26 0 0 32 0 0 6 38 48 0 27 0 8 0 9 0 0 5 40 4 7 0 20
0 0 4 5 23 7 40 37 0 0 43 49 44 22 1 0 0 0 30 0 39 0 35 45 21 18 2 0 29 10 0 31 0 0 16 0 15 0 48 17 6 32 0 0 0 8 46 19 0
27 0 8 11 19 46 9 20 7 0 0 28 40 5 35 0 45 12 13 0 0 0 49 0 0 22 33 0 0 0 26 0 34 0 30 47 31 0 16 0 0 10 15 0 6 0 36 0 38
0 0 30 0 39 26 0 47 0 0 0 0 0 0 0 46 0 3 0 11 0 0 0 6 0 32 0 48 0 5 7 28 0 0 4 37 49 0 0 0 44 22 0 0 0 0 0 0 12
15 38 0 0 0 0 6 0 0 0 8 27 0 0 0 33 0 37 0 0 42 0 28 0 23 5 0 4 0 18 2 35 45 0 13 41 0 0 30 0 34 0 31 0 14 0 24 0 0
0 0 13 0 21 0 0 41 0 39 30 0 34 0 15 0 0 0 48 32 17 47 0 0 29 0 24 16 0 11 46 0 0 3 0 0 0 0 4 23 40 5 0 0 44 0 0 0 0
0 47 0 0 29 0 14 38 36 0 48 15 6 0 28 7 0 0 4 0 23 0 0 9 0 11 0 8 0 0 33 0 44 0 0 0 35 0 0 21 45 18 0 0 34 30 26 39 0
4 40 25 0 1 23 0 0 0 31 10 43 0 0 0 39 0 34 0 0 0 45 0 36 15 12 0 32 0 47 0 16 0 14 0 0 0 0 22 0 0 0 0 0 0 18 0 35 9
0 0 22 38 49 0 33 9 19 0 18 0 0 0 0 0 0 0 0 37 0 0 0 26 0 0 23 25 0 0 0 13 0 0 0 34 30 39 0 0 46 0 0 47 7 5 0 28 14
0 9 18 3 35 19 0 40 23 1 0 0 0 0 0 21 36 45 0 0 0 0 43 0 0 37 0 10 0 41 39 0 46 0 11 0 0 0 5 0 0 47 0 0 0 22 0 0 6
30 34 11 41 27 0 0 0 0 28 0 0 7 0 0 19 2 0 0 3 0 0 48 33 0 38 0 0 1 20 23 4 26 0 0 0 43 0 10 31 24 37 0 12 0 0 21 15 0
0 45 0 0 0 21 0 34 39 27 11 30 46 0 0 17 0 0 0 38 0 14 16 0 28 0 0 5 35 3 0 8 0 0 0 40 4 0 0 1 0 0 43 37 0 10 42 31 0
16 14 0 0 28 29 7 6 0 0 22 0 33 0 0 0 0 40 0 0 0 0 8 0 0 3 0 18 0 37 42 0 24 0 0 45 13 21 32 15 0 12 0 0 46 0 39 27 0
43 44 10 37 31 42 24 0 21 0 0 0 0 12 0 29 0 0 5 0 0 34 0 46 0 0 39 0 49 38 17 48 33 6 22 0 0 0 18 0 0 3 0 20 26 0 23 1 0
0 10 31 43 24 0 0 32 0 36 15 21 38 0 29 0 20 5 28 16 0 11 39 3 0 30 34 0 0 0 0 17 0 0 49 18 19 0 0 2 12 0 0 4 41 1 0 26 25
17 22 0 48 0 6 0 18 0 0 35 0 12 8 42 0 47 10 0 43 0 25 23 41 0 0 40 0 0 0 0 21 38 32 0 11 0 0 27 46 0 0 29 16 20 0 0 7 0
0 0 15 0 36 0 0 11 0 0 0 39 3 30 17 6 0 22 0 0 0 0 29 0 0 16 0 0 0 8 9 0 0 0 35 25 0 40 0 0 41 0 0 43 0 0 0 24 0
0 5 28 16 7 14 20 22 0 33 0 0 37 0 23 0 41 0 0 4 0 18 0 12 0 8 0 35 0 0 0 0 47 10 0 32 0 0 15 36 38 0 0 30 0 0 34 0 0
0 0 1 0 26 0 41 0 0 0 31 42 47 0 0 34 0 0 0 0 0 0 21 38 36 13 45 15 7 0 0 29 20 5 0 22 17 6 0 0 37 0 19 8 0 35 9 0 18
19 0 35 0 2 9 12 25 40 0 0 0 0 4 21 45 0 32 15 13 36 10 42 47 0 0 44 31 46 0 34 39 3 11 27 5 0 0 28 7 20 16 0 0 37 49 6 0 0
0 0 0 30 0 34 0 0 0 7 0 29 20 16 0 0 0 0 0 0 2 22 17 0 0 0 0 0 26 0 0 0 41 25 0 10 42 0 31 0 0 0 0 13 38 15 45 36 32
47 0 0 0 0 16 0 0 48 0 6 0 49 0 20 0 1 23 0 0 0 0 3 0 18 46 0 9 0 0 43 37 31 42 44 0 0 0 45 0 0 0 0 0 27 34 0 11 39
3 0 0 0 0 8 0 23 0 0 0 0 1 7 12 13 0 21 0 0 0 42 0 0 0 33 43 44 0 26 30 41 27 0 34 0 0 0 0 5 0 24 0 0 49 0 0 22 17
41 39 0 26 0 30 0 0 0 5 14 47 0 24 0 8 35 19 0 0 18 17 38 49 22 36 0 6 0 7 4 20 1 0 40 42 37 0 0 0 0 0 0 2 0 45 13 32 21
0 0 6 0 22 48 0 0 8 0 9 3 35 0 37 43 0 0 0 33 10 0 20 0 25 7 0 0 0 0 13 12 15 21 0 39 41 0 0 11 0 0 0 24 0 0 0 5 29
0 42 44 0 10 43 31 21 13 0 0 0 0 2 0 0 0 0 0 24 0 39 41 27 11 0 30 0 0 0 0 0 0 17 6 0 0 8 0 18 0 0 20 0 0 0 4 25 0
20 23 40 0 0 4 0 0 43 0 0 37 0 33 0 0 0 39 34 0 11 21 0 0 32 0 13 0 0 24 0 47 0 29 14 17 0 48 6 22 49 36 0 46 35 0 0 0 0
0 21 0 2 0 0 0 39 30 11 34 0 27 26 0 0 0 0 0 36 0 0 0 0 0 24 0 0 0 46 0 3 35 19 9 23 20 4 40 25 1 0 37 33 31 0 43 0 0
0 46 0 34 8 0 19 7 28 0 0 0 23 0 18 0 0 0 0 0 0 33 0 42 43 6 49 37 30 40 1 0 39 0 41 24 0 31 0 16 0 0 0 0 17 0 0 48 0
0 0 12 0 13 35 0 0 1 30 0 25 0 40 0 0 0 0 0 45 0 24 0 0 0 0 31 47 8 34 27 11 19 46 0 7 5 28 0 4 0 14 22 0 0 0 0 43 0
0 24 0 0 16 0 0 0 15 0 0 0 17 45 0 0 0 0 20 14 0 46 0 0 8 0 0 3 43 0 0 0 42 0 37 2 0 35 0 0 0 9 25 0 39 0 0 0 0
0 33 0 6 43 0 0 0 35 0 0 0 21 9 10 31 0 24 0 0 16 26 0 39 30 40 1 41 48 45 0 0 0 36 38 46 11 0 3 8 0 0 0 0 0 0 28 4 0
32 0 0 45 0 0 0 46 0 8 0 11 0 34 22 49 42 0 37 6 0 0 5 0 4 0 28 20 13 0 0 0 0 0 12 26 0 0 0 30 0 0 10 44 29 0 0 0 0
25 26 41 40 30 1 0 24 31 0 0 10 29 44 0 27 19 46 0 34 0 36 0 17 0 0 0 0 4 14 28 5 0 7 0 0 22 49 37 0 0 6 18 0 0 0 0 13 2
5 0 20 14 4 0 0 0 0 0 0 0 0 6 0 0 0 0 0 40 30 0 18 0 13 0 0 0 0 44 31 0 29 24 47 36 32 15 38 0 17 0 11 0 19 3 27 0 0
26 30 39 1 0 0 11 0 47 14 0 0 5 0 46 0 18 8 0 0 9 0 36 22 6 15 0 0 40 28 0 7 0 0 0 43 33 0 0 0 0 0 2 35 32 0 12 0 0
46 0 0 0 9 3 0 0 20 40 0 7 25 28 0 12 0 13 0 0 0 43 0 10 0 0 37 42 0 0 0 26 0 0 39 0 24 47 0 14 0 0 0 0 0 17 38 0 48
33 43 42 0 0 37 10 0 0 45 21 2 0 35 0 0 5 0 29 0 14 30 26 11 0 0 0 0 6 15 38 36 0 48 0 0 0 0 19 9 0 27 7 28 25 0 20 40 4
2 13 0 0 0 0 32 0 41 0 0 0 11 1 0 38 22 48 17 0 6 16 24 0 0 31 47 0 9 0 0 0 18 0 19 4 0 20 23 40 0 0 33 49 0 42 0 0 43
24 16 0 0 0 0 5 48 38 6 17 36 0 0 0 0 25 0 0 28 40 8 46 18 0 0 0 0 44 49 0 33 10 0 0 0 0 0 0 0 32 35 26 1 0 0 41 0 30
7 0 23 28 40 20 25 0 37 44 0 0 10 49 0 0 0 0 39 1 34 13 0 32 45 0 12 21 14 0 47 0 5 16 0 48 36 0 17 0 0 15 46 0 0 0 0 9 0
36 48 17 0 6 0 22 0 0 9 0 0 0 0 0 37 0 43 42 0 0 0 0 25 0 0 20 23 45 35 12 2 0 0 0 0 0 41 0 34 11 1 24 0 0 29 0 0 0
9 35 2 0 0 18 13 0 25 41 26 0 0 0 45 0 0 0 0 0 0 0 0 16 0 42 0 0 3 39 11 34 8 27 46 28 14 5 0 0 4 0 0 0 0 0 22 0 49
34 0 0 0 0 0 0 28 0 20 7 0 0 0 9 0 0 35 2 19 0 49 6 43 37 0 22 0 0 23 0 0 0 0 26 0 0 10 0 0 0 0 45 21 48 0 32 0 0
44 0 0 42 47 10 16 0 0 0 36 45 48 0 0 0 4 0 7 0 0 0 0 0 0 0 0 46 0 0 0 0 0 49 0 35 9 0 0 0 13 19 0 0 0 26 0 41 1
0 0 0 0 0 5 4 0 0 37 33 6 0 17 0 0 30 1 26 0 41 0 9 13 12 19 18 2 0 42 10 44 16 31 0 15 45 32 36 0 48 0 0 0 0 0 11 3 27
0 15 36 0 38 32 48 27 0 3 0 0 0 0 6 22 43 0 0 0 37 0 14 0 20 0 5 0 0 19 0 9 0 0 0 1 0 25 0 41 30 23 0 0 0 0 10 0 31
40 1 26 23 41 25 30 31 10 0 0 44 16 42 0 11 0 0 0 0 0 0 0 0 0 21 32 36 0 29 5 0 4 28 0 49 0 0 0 0 0 17 0 0 13 0 18 0 0
6 49 0 17 37 22 43 35 0 12 2 9 0 19 0 0 16 31 24 42 47 0 0 0 0 23 25 26 38 0 32 45 48 15 0 27 0 0 0 0 8 39 14 29 0 0 0 20 0
