0 0 36 24 44 41 0 20 31 11 0 0 0 38 0 49 42 1 0 18 0 29 0 39 0 0 45 5 0 25 0 6 0 16 0 48 13 32 14 0 12 40 3 43 47 9 0 23 0
31 46 0 15 0 11 33 0 0 0 27 0 47 9 0 0 0 0 13 12 0 0 0 0 0 0 19 0 1 37 0 0 0 0 0 24 44 0 41 0 0 36 0 26 8 0 39 29 0
0 27 0 47 0 0 3 0 0 0 0 0 8 5 0 24 0 0 44 0 0 17 0 0 0 49 34 37 0 40 0 0 0 48 0 15 20 0 0 0 0 38 0 0 16 0 6 2 22
18 1 37 0 0 42 34 0 12 14 4 32 0 40 0 8 0 35 0 0 45 20 0 0 0 0 0 0 27 0 0 7 0 0 3 0 2 0 0 22 6 25 21 0 24 36 0 44 10
0 22 25 16 0 0 19 17 18 42 1 0 0 37 9 0 43 27 0 7 0 0 10 30 0 0 0 36 0 38 20 31 0 0 0 8 29 0 0 0 0 5 32 0 0 0 12 0 4
0 4 0 0 13 0 0 44 0 0 10 21 24 36 0 0 0 22 2 0 0 23 27 0 0 47 0 9 0 5 29 39 26 0 45 0 17 34 0 1 0 37 33 0 0 0 0 0 0
0 0 5 0 29 26 45 0 6 0 0 19 0 0 38 0 0 0 20 31 33 0 4 0 0 48 0 0 10 36 0 30 41 0 21 0 0 3 0 0 0 9 0 42 49 0 18 0 1
0 0 14 30 24 21 0 15 0 0 0 0 31 41 0 18 34 37 49 1 0 0 0 35 0 39 0 43 0 26 16 22 0 6 0 12 0 13 32 40 4 42 23 3 7 11 0 47 0
27 0 0 0 0 0 0 0 0 0 0 29 0 0 0 30 0 36 24 0 44 49 37 1 34 18 0 0 40 0 0 4 0 0 0 31 15 0 33 38 46 41 0 19 0 26 0 16 0
1 0 0 18 0 34 0 0 4 0 40 0 12 0 0 0 0 5 0 0 0 0 38 46 0 31 0 0 9 11 0 27 3 7 0 0 0 2 0 0 0 0 44 0 0 14 10 0 36
0 40 0 12 0 32 0 24 10 21 36 44 0 0 26 0 19 0 0 0 2 47 0 27 0 7 23 0 0 43 8 0 45 39 29 0 49 0 34 0 0 0 0 0 0 0 0 15 38
0 0 0 0 0 0 2 49 1 34 37 17 0 0 0 7 0 9 47 0 0 0 36 0 21 30 0 14 38 41 15 46 0 0 0 39 0 29 45 5 35 0 0 32 12 0 0 0 40
46 38 41 31 0 0 20 0 0 3 0 0 7 0 42 12 32 0 0 0 13 16 0 0 19 6 2 0 0 28 0 0 0 18 17 30 24 44 0 36 0 0 0 45 0 43 0 0 5
0 5 0 39 8 45 0 16 0 0 0 2 6 0 41 0 33 0 0 0 20 48 0 0 32 12 13 0 36 14 24 10 21 30 44 7 0 23 0 0 27 0 0 0 18 28 0 49 37
0 42 34 4 12 0 48 0 36 44 14 0 10 32 0 22 2 26 6 25 0 0 11 0 23 27 47 0 43 3 39 5 0 0 8 0 18 0 0 28 0 0 15 20 0 21 0 31 0
0 43 3 0 0 29 8 6 0 0 0 16 0 0 0 46 0 0 31 38 0 12 0 40 13 0 48 34 0 32 30 36 44 10 0 27 0 47 0 11 9 33 0 17 1 0 37 18 0
0 0 45 0 6 2 0 0 0 17 0 0 0 0 33 27 23 0 7 0 47 0 0 36 0 10 24 0 41 0 0 0 20 46 15 35 39 8 0 0 5 3 0 0 4 0 0 0 42
0 0 0 1 18 17 0 0 40 13 0 48 4 34 0 0 0 0 0 0 8 0 0 0 20 0 15 0 11 33 7 0 0 0 47 22 0 16 0 0 25 45 0 44 10 0 0 30 14
0 41 0 46 0 20 15 7 9 0 0 0 0 33 0 0 13 42 0 40 0 0 0 0 0 0 0 45 0 0 0 37 0 0 0 10 0 0 44 14 36 32 8 0 35 3 0 39 0
0 0 0 0 0 23 0 0 0 0 0 8 0 0 0 10 0 0 30 36 0 18 0 0 0 1 0 19 42 34 12 0 0 4 48 0 31 15 20 41 38 0 16 0 0 0 0 6 0
0 14 0 10 0 0 0 31 38 20 41 15 46 21 19 0 0 28 18 37 0 0 0 5 0 35 8 3 26 0 6 25 0 22 0 4 12 0 0 0 0 34 47 23 0 33 0 7 11
19 0 0 0 37 18 0 0 34 0 0 0 42 0 0 43 39 23 5 3 35 38 0 0 0 41 0 24 0 0 9 33 7 0 27 0 25 22 0 29 45 8 10 0 14 0 0 0 0
0 0 15 0 9 0 0 0 3 0 23 35 43 47 48 0 0 0 36 0 10 37 0 0 18 28 1 0 0 49 40 34 0 0 0 0 0 46 31 0 21 24 22 0 26 0 45 25 29
45 0 0 0 25 0 22 37 19 0 2 0 0 16 0 11 7 20 0 33 27 36 0 32 0 0 10 48 0 24 38 21 0 41 0 0 5 0 39 23 0 0 4 12 0 0 0 40 0
32 13 0 0 36 0 10 38 0 31 0 0 0 24 0 28 0 2 0 0 1 0 0 0 0 43 0 0 29 8 0 45 6 0 22 42 0 0 0 0 0 0 27 0 11 15 33 9 0
21 0 0 0 38 0 0 9 0 0 0 27 11 0 0 42 12 17 40 34 4 0 29 45 6 0 22 0 2 0 0 0 18 28 1 0 36 0 0 13 32 48 35 39 43 47 0 5 0
34 17 0 42 40 12 4 36 0 0 13 0 0 0 8 26 0 0 0 0 22 0 20 33 7 11 0 15 0 0 5 3 0 43 0 28 0 0 18 2 19 16 0 0 0 24 0 38 0
0 0 47 43 0 39 35 0 45 0 29 0 0 8 24 41 0 44 38 0 0 40 17 34 12 42 4 0 13 0 0 32 0 14 0 0 9 0 0 20 33 15 0 18 28 0 19 37 0
0 24 0 21 41 46 38 11 0 0 0 9 0 0 0 34 4 0 0 17 40 26 8 0 22 0 0 0 16 6 0 0 1 19 37 0 14 36 0 48 13 12 0 0 3 7 0 0 0
20 0 0 33 0 27 9 0 23 35 47 0 0 0 0 0 0 0 0 0 0 28 0 2 0 19 37 6 49 18 42 0 0 34 40 0 41 0 46 24 0 30 0 22 0 39 0 26 0
13 0 0 32 0 10 36 41 0 46 0 0 21 30 6 19 1 0 0 0 0 43 0 23 35 3 5 7 0 0 0 0 22 0 25 34 0 0 4 49 17 18 0 27 0 0 20 11 0
2 0 6 19 0 0 0 42 0 4 0 0 34 18 7 3 35 47 43 23 5 41 24 0 0 0 0 30 15 31 11 0 27 0 9 0 0 0 0 8 29 39 0 10 0 0 0 0 0
23 47 0 3 43 35 0 26 29 0 0 25 0 39 30 21 0 24 0 44 0 0 0 0 4 0 0 18 48 12 14 13 10 0 36 0 11 9 0 0 20 31 37 1 19 0 0 28 0
0 8 0 45 0 0 0 0 2 1 16 37 0 0 0 0 27 0 11 20 0 0 0 13 0 32 0 0 0 0 41 44 0 0 0 0 0 0 35 0 23 0 40 0 0 18 0 42 0
0 0 18 0 42 4 40 14 0 10 48 36 0 12 39 45 22 8 0 29 0 11 15 20 0 33 9 31 47 7 0 0 35 0 5 19 0 37 0 0 2 6 0 46 0 30 0 0 0
0 0 0 0 4 48 0 10 14 0 0 0 0 0 29 0 0 45 22 0 6 0 33 11 47 0 7 0 0 23 35 0 8 0 39 0 0 0 49 0 28 0 31 15 38 44 0 46 21
0 0 0 36 0 24 0 0 0 15 21 0 38 44 0 0 49 0 0 0 0 0 3 43 0 0 0 0 45 29 22 26 0 0 6 0 0 0 48 34 0 0 0 0 9 0 11 0 33
0 0 0 9 0 47 7 35 43 0 0 39 0 0 13 0 24 32 0 0 30 1 19 0 49 37 0 0 0 0 0 42 0 0 0 0 46 0 15 0 0 44 0 16 0 0 26 22 0
0 0 2 37 1 0 0 4 0 0 34 0 40 0 0 5 0 3 35 43 0 0 0 41 0 38 31 0 33 0 0 11 47 9 0 0 22 0 0 0 0 0 30 0 0 13 14 0 32
26 45 29 0 22 16 0 0 28 49 19 0 0 0 0 0 0 33 27 11 7 10 0 14 0 0 0 0 0 0 46 0 0 0 31 5 0 0 8 0 43 23 12 48 40 0 42 0 34
43 0 0 5 35 0 39 0 26 16 45 6 0 29 44 38 0 0 0 0 0 0 0 42 48 40 0 17 0 13 0 14 24 36 30 0 27 0 0 33 11 0 0 0 0 0 0 0 19
41 0 44 38 46 0 31 0 0 0 33 0 9 20 17 40 0 34 4 42 0 0 0 0 16 25 6 29 0 0 1 0 49 0 18 0 0 0 24 0 0 0 0 0 5 0 43 0 3
0 6 0 2 0 0 28 34 49 0 0 0 0 0 0 0 5 7 3 0 43 0 30 24 0 44 41 10 31 0 0 15 0 0 11 29 0 0 0 39 0 35 14 0 0 4 0 32 12
24 30 10 44 21 38 41 33 15 9 0 11 0 46 1 17 40 18 34 0 0 0 0 0 25 0 0 35 0 22 19 16 37 2 28 13 32 14 0 0 48 0 0 5 0 27 0 3 0
48 0 0 13 32 0 14 0 0 0 0 0 0 0 22 0 0 6 0 0 0 0 0 47 0 23 43 27 0 0 0 0 0 0 26 0 0 42 40 18 49 0 0 0 20 46 15 0 31
47 7 27 0 3 0 0 0 8 25 39 0 29 0 0 0 0 30 21 0 0 34 0 0 40 17 42 0 12 4 0 0 0 13 14 20 33 0 0 31 0 0 28 0 2 0 0 19 0
0 0 46 20 0 9 11 3 47 0 7 0 23 27 0 0 0 12 0 48 0 0 6 0 0 0 0 0 18 0 34 0 40 0 42 44 21 0 0 30 0 10 26 25 0 0 8 45 0
0 0 0 17 34 0 0 0 0 36 12 0 13 0 35 29 25 39 0 0 26 0 0 0 9 20 11 0 7 27 0 0 5 0 43 2 19 0 0 0 0 0 41 38 44 0 0 21 0
8 0 0 0 0 0 26 0 0 0 6 28 2 22 0 0 0 31 0 0 0 32 0 0 0 0 14 0 0 0 21 24 38 0 0 23 0 43 0 0 47 0 42 40 0 0 0 0 18
