30 26 40 0 0 0 42 0 31 12 23 10 0 45 1 6 35 37 0 0 19 20 0 0 0 47 43 0 41 0 0 46 0 3 0 0 39 0 0 25 17 7 36 0 5 8 0 0 0
0 24 5 8 0 48 0 3 4 46 41 0 18 0 45 10 27 0 31 0 23 0 0 0 0 39 29 0 40 0 32 42 16 26 0 35 37 0 21 14 6 1 0 0 0 0 43 38 0
0 0 0 11 7 0 25 0 0 0 5 36 8 0 0 30 32 26 0 0 40 0 0 0 12 0 31 0 20 2 9 38 43 0 0 18 0 0 4 0 15 0 6 37 0 0 0 0 0
0 47 0 9 2 0 0 0 16 0 0 30 0 22 44 0 0 0 0 46 0 0 0 1 14 0 0 35 5 34 0 0 48 0 36 0 13 23 31 12 10 45 0 0 33 11 29 0 0
0 0 23 27 0 31 12 39 0 25 33 17 0 0 0 0 9 47 0 38 0 40 0 0 0 26 0 0 19 1 35 14 21 0 0 8 0 0 48 0 0 0 0 3 0 0 0 46 44
0 3 41 18 0 4 0 0 21 0 0 0 35 1 0 17 0 39 0 25 0 0 36 0 49 24 48 0 0 0 27 0 31 13 0 0 47 20 0 38 28 0 30 26 0 0 0 42 0
6 37 19 0 0 21 0 0 0 38 0 0 0 0 34 36 0 24 0 49 0 41 0 0 46 0 4 0 0 0 11 25 0 0 17 0 0 40 0 42 30 22 0 13 0 0 31 12 45
24 0 0 49 0 0 34 0 41 44 0 0 0 0 0 0 12 0 0 0 0 0 39 16 0 0 0 25 6 0 0 22 40 0 26 0 8 0 19 1 37 0 0 18 0 0 0 0 0
3 11 0 0 0 0 0 8 0 1 36 0 14 48 0 0 0 0 0 0 0 10 0 0 34 0 0 49 0 43 12 45 23 0 0 38 18 0 0 2 47 0 0 0 0 0 0 0 21
39 32 0 25 0 0 0 0 5 0 10 0 0 31 21 0 42 0 0 0 0 28 13 0 45 9 0 12 15 4 0 2 0 18 47 0 11 17 0 0 3 0 0 0 0 14 0 0 0
0 18 0 38 4 0 2 35 0 22 6 26 42 21 0 0 46 0 41 44 0 36 0 0 0 8 0 14 0 0 49 34 0 0 24 0 9 28 0 45 13 0 0 0 30 0 33 0 16
37 0 0 14 48 19 1 18 0 0 0 47 0 4 0 0 49 27 0 0 10 17 0 29 0 0 41 46 0 0 0 7 33 0 39 42 35 6 0 22 26 21 13 9 0 12 23 0 0
0 0 28 0 43 0 0 0 33 0 30 39 25 0 4 47 38 0 20 2 0 6 26 0 22 0 0 42 36 0 14 0 0 0 37 49 27 0 5 34 24 31 0 11 17 0 0 44 29
0 35 6 42 0 40 22 9 0 45 28 0 12 0 0 37 0 0 19 1 0 0 0 0 2 18 0 0 0 0 46 44 0 0 3 0 32 0 0 0 0 0 0 27 0 49 5 34 0
31 0 45 0 9 0 0 0 0 0 7 0 17 32 18 0 28 0 0 47 0 0 0 35 26 40 0 30 0 0 6 37 14 19 21 0 0 0 0 0 48 27 0 0 0 0 46 3 11
29 0 0 17 32 25 39 5 49 0 0 48 36 0 0 16 0 40 0 26 0 0 0 9 0 23 12 0 0 0 28 47 0 0 0 0 0 0 46 0 0 0 21 19 0 6 14 0 8
21 0 0 6 8 14 37 20 0 0 0 0 0 0 0 0 0 0 0 0 34 44 0 11 0 0 46 15 7 0 17 0 25 33 29 30 40 0 0 26 0 35 0 0 0 0 0 0 9
0 0 0 0 0 0 26 23 0 0 0 0 10 0 8 0 6 19 14 37 1 0 43 18 0 20 38 28 0 0 0 3 46 41 0 0 33 0 25 39 29 32 48 5 0 36 0 0 27
0 0 0 0 0 49 0 0 0 0 0 4 0 0 9 31 0 23 0 0 0 7 0 32 0 0 25 17 0 0 0 0 42 40 16 6 0 0 0 0 0 8 43 20 0 0 0 0 18
0 20 0 28 18 0 47 0 42 0 22 16 30 35 0 0 0 0 0 3 0 0 21 0 0 0 0 0 34 27 0 0 49 5 48 10 23 0 0 0 0 9 29 33 0 17 25 0 32
4 41 44 0 0 0 0 0 14 37 0 21 0 0 0 0 17 33 25 0 7 0 48 27 24 5 0 0 0 0 10 13 12 23 0 0 20 2 38 47 0 18 16 0 22 30 0 26 35
42 0 35 0 6 0 40 0 0 0 9 12 31 28 0 14 21 1 0 0 8 18 38 0 20 0 0 43 0 0 0 41 0 0 0 29 0 32 0 33 0 0 0 34 0 48 0 0 0
0 1 0 21 0 37 19 2 0 20 0 0 0 0 0 0 48 34 0 0 27 0 46 17 0 0 3 4 32 30 29 0 39 7 25 16 22 35 26 0 42 0 0 45 0 0 13 0 0
0 0 0 0 10 24 0 44 3 41 0 0 4 17 28 0 0 45 13 0 9 32 25 0 33 7 39 29 0 6 16 0 0 0 42 0 1 8 0 0 0 0 0 0 18 0 0 20 0
46 44 0 4 0 3 0 0 37 19 8 0 21 36 30 0 0 7 0 0 0 0 0 0 5 34 24 0 9 28 31 0 0 45 0 0 0 0 47 0 38 0 0 22 0 16 0 40 6
0 7 32 29 30 39 0 34 24 0 0 49 0 10 6 0 0 0 26 40 0 0 0 28 0 45 13 31 18 15 0 0 0 0 0 0 0 0 0 0 0 0 14 0 8 0 37 0 36
38 2 0 0 15 0 0 0 26 40 35 0 16 6 0 46 0 44 0 0 11 8 14 0 0 0 0 21 27 0 0 5 24 34 49 31 0 0 13 0 0 28 0 0 32 29 39 33 0
12 45 9 31 0 13 23 7 0 33 32 0 0 30 15 0 43 2 0 0 0 0 42 6 40 0 26 0 8 0 21 0 0 0 0 0 0 27 0 5 49 0 46 0 0 0 3 0 0
0 38 47 45 20 28 43 42 30 0 0 32 7 0 41 0 0 0 15 0 3 37 0 19 21 14 0 0 0 5 1 48 36 0 0 34 12 0 0 31 27 23 11 0 0 44 0 29 0
0 25 39 44 33 17 0 0 0 0 0 8 1 5 0 0 7 0 30 16 0 0 27 23 0 12 10 34 0 0 45 43 28 38 0 0 0 3 0 0 18 0 35 0 0 22 0 0 19
0 0 0 0 23 0 0 0 17 29 39 0 44 0 20 0 45 38 28 43 0 0 32 0 16 0 30 0 37 19 22 0 6 14 0 1 49 0 36 0 8 0 0 46 0 2 15 4 0
32 42 26 0 40 0 0 0 10 31 13 27 34 0 19 35 22 14 0 0 37 47 9 20 43 38 0 0 0 41 2 4 0 0 0 44 25 39 0 29 0 0 8 0 24 0 36 48 0
8 0 0 0 5 36 0 0 0 4 3 18 2 0 23 27 34 12 10 0 0 0 0 0 0 0 17 44 0 40 0 0 0 0 32 22 14 37 6 21 0 19 9 0 47 45 28 43 0
0 46 0 2 0 0 4 0 6 0 37 35 0 0 33 0 44 0 0 29 0 24 8 0 0 0 0 0 13 23 34 0 0 12 0 0 0 0 0 0 9 0 32 0 0 7 0 16 0
35 0 37 0 0 0 0 38 28 0 47 0 45 0 0 0 1 0 0 48 24 3 18 0 0 0 0 0 0 0 44 29 0 25 11 7 42 0 0 16 0 0 27 0 0 0 10 31 0
40 6 21 26 14 22 0 28 45 9 0 23 13 38 49 0 37 36 0 8 0 4 20 46 0 0 2 47 0 0 0 0 44 17 0 0 0 0 0 32 33 42 0 10 0 24 0 0 0
0 0 29 3 25 44 11 0 0 0 48 0 0 49 42 0 0 0 7 0 16 31 5 0 27 10 34 0 43 38 0 9 0 28 0 0 15 0 0 0 0 46 40 6 0 26 0 0 14
33 30 0 39 0 0 0 10 34 0 0 0 24 12 0 0 26 6 22 0 21 43 23 0 0 28 45 0 0 0 0 0 0 0 0 3 0 29 44 11 0 25 19 36 0 37 1 8 49
0 0 4 0 0 2 18 6 22 0 21 0 0 14 0 41 0 17 0 11 0 0 19 0 8 0 0 37 0 12 0 0 34 10 5 0 28 43 0 0 0 38 33 0 16 39 0 32 42
0 0 0 13 0 45 0 0 7 32 0 33 39 42 46 0 47 0 2 18 0 0 0 0 35 6 22 0 0 0 37 8 0 0 0 24 10 0 34 27 0 12 0 0 0 3 0 0 0
0 0 0 37 49 0 8 15 2 18 4 20 0 0 12 5 24 0 0 0 31 29 41 25 0 0 0 3 16 42 39 0 0 30 0 0 6 21 0 35 40 0 23 0 0 13 45 0 38
0 0 31 24 0 34 27 17 44 11 0 41 3 25 38 23 13 0 0 0 0 0 33 42 0 0 7 39 0 14 0 35 0 6 40 37 36 48 0 8 0 0 20 0 0 0 2 0 46
0 0 42 0 0 32 0 0 0 0 12 34 5 13 0 0 0 21 35 6 0 38 0 0 0 43 9 0 0 3 20 0 18 4 0 41 29 25 11 0 0 0 0 48 0 19 8 0 0
0 29 25 0 39 11 17 0 8 36 0 0 19 0 0 0 33 16 0 30 42 0 34 13 10 31 0 0 38 0 23 0 0 43 45 20 0 0 0 0 2 3 22 21 14 0 35 6 37
1 48 49 0 0 0 36 0 0 0 0 0 0 3 13 0 5 0 0 10 0 25 44 39 17 29 11 41 42 0 33 30 32 16 0 0 21 14 35 0 0 37 45 0 38 0 0 0 0
0 4 0 20 3 18 15 21 0 6 0 0 40 0 39 44 41 0 0 17 25 49 1 24 36 0 8 0 12 0 5 10 27 0 0 23 0 38 0 0 0 47 0 0 42 33 32 0 0
45 0 0 0 47 9 28 0 0 0 42 7 33 0 0 0 20 0 18 15 46 0 22 0 0 21 0 40 0 0 0 36 0 0 1 5 0 12 0 10 34 13 0 0 25 0 0 0 39
0 0 0 0 0 27 0 29 11 0 0 44 0 0 47 45 0 43 0 28 38 42 0 0 30 16 0 33 0 37 0 6 35 0 22 19 0 49 8 0 1 24 0 0 0 0 18 0 3
0 0 0 0 0 35 0 0 0 28 0 0 0 47 0 1 0 0 0 36 0 46 2 0 0 4 18 0 25 39 41 17 11 0 44 33 0 42 0 30 7 26 34 0 12 5 0 0 0
